-00001 000882 000003 000962 000991 001007 000001
-00001 000934 000004 001006 001039 001059 000001
-00001 001277 000004 001255 001272 001301 000001
-00001 001379 000004 001330 001357 001395 000000
-00001 000882 000004 001428 001453 001476 000001
-00001 001510 000003 001536 001565 001581 000001
-00001 002117 000003 001877 001907 001930 000001
-00001 002042 000003 001889 001908 001952 000001
-00001 002181 000003 001939 001967 002028 000001
-00001 002214 000003 002098 002119 002134 000001
-00001 002251 000003 002164 002180 002190 000001
-00001 002286 000003 002241 002256 002269 000000
-00001 002581 000004 002268 002310 002334 000001
-00001 002643 000004 002353 002391 002427 000001
-00001 002779 000004 002468 002490 002519 000001
-00001 002995 000004 002844 002869 002895 000001
-00001 002995 000004 003029 003059 003080 000001
-00001 003811 000004 003871 003919 003969 000001
